DroneAvator0_Kp=2.330690542188986
DroneAvator0_Ki=0.6333729135167344
DroneAvator0_Kd=3.529427547314641
DroneAvator1_Kp=2.3628649327603597
DroneAvator1_Ki=0.635778631645254
DroneAvator1_Kd=3.388149835888995
DroneAvator2_Kp=2.0326537044973843
DroneAvator2_Ki=0.6796352568510522
DroneAvator2_Kd=3.8636738651996025
DroneAvator3_Kp=2.3888198941157555
DroneAvator3_Ki=0.6202218222346574
DroneAvator3_Kd=3.3034806728332713
