DroneAvator0_Kp=3.8736337216557692
DroneAvator0_Ki=0.24467777683279443
DroneAvator0_Kd=4.435799847878524
DroneAvator1_Kp=3.6674411705069048
DroneAvator1_Ki=0.23593578105894275
DroneAvator1_Kd=4.392711387641138
DroneAvator2_Kp=3.3714477870129054
DroneAvator2_Ki=0.21296793828016275
DroneAvator2_Kd=4.46844941882113
DroneAvator3_Kp=3.3028159995346167
DroneAvator3_Ki=0.2161984293791396
DroneAvator3_Kd=4.3385246428018505
