DroneAvator_Kp=8.245263910181794
DroneAvator_Ki=0.6798195686307802
DroneAvator_Kd=5.97119662142256
