DroneAvator_Kp=5.411568033060714
DroneAvator_Ki=0.6501014978353556
DroneAvator_Kd=5.067120486156025